19

0 -1.10175 -0.75 -1.3480975 0.25 0.0 0.0 0.0  0.0 0.0 0.0   0.8 0.8 0.8  5.0

0 -0.30 -1.5 -0.50 0.5 0.0 0.0 0.0  0.0 0.0 0.0   0.8 0.8 0.8  5.0

1 4 0.202644 -2 -1.59021 1.29021 -2 -2.09736 1.79736 -2 -1.00979 0.709786 -2 -0.502644 0 0.8 0 0 0 0 0 1 0 5
1 4 0.202644 0.4 -1.59021 1.29021 0.4 -2.09736 1.79736 0.4 -1.00979 0.709786 0.4 -0.502644 0 0.8 0 0 0 0 0 1 0 5
1 4 1.79736 0.4 -1.00979 1.79736 -2 -1.00979 1.29021 -2 -2.09736 1.29021 0.4 -2.09736 0 0.8 0 0 0 0 0 1 0 5
1 4 0.709786 0.4 -0.502644 0.202644 0.4 -1.59021 0.202644 -2 -1.59021 0.709786 -2 -0.502644 0 0.8 0 0 0 0 0 1 0 5
1 4 0.709786 0.4 -0.502644 0.709786 -2 -0.502644 1.79736 -2 -1.00979 1.79736 0.4 -1.00979 0 0.8 0 0 0 0 0 1 0 5
1 4 0.202644 0.4 -1.59021 1.29021 0.4 -2.09736 1.29021 -2 -2.09736 0.202644 -2 -1.59021 0 0.8 0 0 0 0 0 1 0 5

1 4 -1.79636 -2 -1.22721 -1.22279 -2 -2.04636 -0.403636 -2 -1.47279 -0.977212 -2 -0.653636 1 1 0 0 0 0 1 1 0 5
1 4 -1.79636 -1 -1.22721 -1.22279 -1 -2.04636 -0.403636 -1 -1.47279 -0.977212 -1 -0.653636 1 1 0 0 0 0 1 1 0 5
1 4 -0.403636 -1 -1.47279 -0.403636 -2 -1.47279 -1.22279 -2 -2.04636 -1.22279 -1 -2.04636 1 1 0 0 0 0 1 1 0 5
1 4 -0.977212 -1 -0.653636 -1.79636 -1 -1.22721 -1.79636 -2 -1.22721 -0.977212 -2 -0.653636 1 1 0 0 0 0 1 1 0 5
1 4 -0.977212 -1 -0.653636 -0.977212 -2 -0.653636 -0.403636 -2 -1.47279 -0.403636 -1 -1.47279 1 1 0 0 0 0 1 1 0 5
1 4 -1.79636 -1 -1.22721 -1.22279 -1 -2.04636 -1.22279 -2 -2.04636 -1.79636 -2 -1.22721 1 1 0 0 0 0 1 1 0 5




1 4  -2.0 2.0 -2.0	2.0 2.0 -2.0	2.0 2.0 2.0	 -2.0 2.0 2.0 0.3 0.3 0.3     0.0 0.0 0.0 1.0 1.0 1.0 2.0 
1 4  -2.0 -2.0 -2.0	-2.0 2.0 -2.0	-2.0 2.0 2.0	-2.0 -2.0 2.0  0.3 0.0 0.0     0.0 0.0 0.0 1.0 0.0 0.0 2.0 
1 4  -2.0 -2.0 -2.0	2.0 -2.0 -2.0	2.0 2.0 -2.0	-2.0 2.0 -2.0  0.3 0.3 0.3    0.0 0.0 0.0 1.0 1.0 1.0 2.0 
1 4  2.0 -2.0 -2.0	2.0 -2.0 2.0 	2.0 2.0 2.0  2.0 2.0 -2.0 	0.0 0.3 0.5     0.0 0.0 0.0 0.0 0.6 1.0 2.0 
1 4  2.0 -2.0 -2.0	-2.0 -2.0 -2.0	-2.0 -2.0 2.0  2.0 -2.0 2.0   0.3 0.3 0.3    0 0 0 1.0 1.0 1.0 2.0


0 0 0
1
0.6 0.6 0.6     0.0 1.9 -0.5 0

0.15 0.15 0.15        0.0 -0.25 2.5 0




Note
First line is always the number of objects

Code 0 represents a sphere, followed by centre, radius and Colour

Code 1 represents a polygon, followed by number of points and then the points
and then the colour

Colour is specified by 
Ambient (must always be there), Diffuse, Specular and Shininess


Lighting is specified by
number of lights
colour 		vector or point		0 for point light, 1 for directional